 DOSE SPREAD ARRAY FOR USE IN CONVOLUTION
  
 The following are the no. of angular   and radial divisions respectively.
           48
           48
  
 The following are the energy values for these divisions.
 The radial direction is across and the angles down.
  
   9.9586416E-04  7.4847299E-04  6.2893855E-04  5.7921367E-04  5.1984924E-04
   4.7592330E-04  4.3561251E-04  4.0010389E-04  7.0604240E-04  6.0355529E-04
   5.2460801E-04  4.5998616E-04  4.0270013E-04  3.5350939E-04  3.0537703E-04
   2.5390752E-04  3.1996085E-04  1.1327570E-04  2.0631986E-05  1.5247672E-05
   3.7504306E-05  3.8392438E-05  4.2003787E-05  4.3959051E-05  8.6110434E-05
   8.2383442E-05  7.9182559E-05  7.8330530E-05  7.9906007E-05  8.0089208E-05
   7.8664612E-05  7.7511759E-05  1.5310346E-04  1.5021917E-04  1.4438057E-04
   1.4045184E-04  3.4403242E-04  3.2053408E-04  2.9077026E-04  2.6792733E-04
   4.8233024E-04  4.1182409E-04  3.4845906E-04  2.9208706E-04  2.4032236E-04
   1.9888089E-04  1.6475302E-04  1.3963683E-04

   1.8496048E-03  1.7254452E-03  1.6166406E-03  1.5755971E-03  1.4200803E-03
   1.3096973E-03  1.2186063E-03  1.1299303E-03  2.0149513E-03  1.7396194E-03
   1.5222201E-03  1.3437008E-03  1.1844207E-03  1.0395356E-03  8.9178130E-04
   7.3639274E-04  9.1690401E-04  3.3027618E-04  6.1635561E-05  4.4765518E-05
   1.1494840E-04  1.1816664E-04  1.2205057E-04  1.2497664E-04  2.5196953E-04
   2.5212206E-04  2.5396512E-04  2.5129854E-04  2.4268453E-04  2.4067650E-04
   2.4470367E-04  2.4249210E-04  4.5719679E-04  4.2973933E-04  4.1769940E-04
   4.0569005E-04  9.6712913E-04  8.9861953E-04  8.4346026E-04  7.8318315E-04
   1.3505255E-03  1.1371982E-03  9.9634915E-04  8.5448124E-04  7.1239023E-04
   5.9196568E-04  4.8752266E-04  4.0440311E-04

   2.1109208E-03  2.1307447E-03  2.1177297E-03  2.1576250E-03  2.0058309E-03
   1.8897518E-03  1.7806373E-03  1.6730241E-03  3.0530128E-03  2.6938228E-03
   2.3903546E-03  2.1276430E-03  1.8789086E-03  1.6556588E-03  1.4299953E-03
   1.1837911E-03  1.4633731E-03  5.1555730E-04  9.2853574E-05  6.8834175E-05
   1.8038102E-04  1.8544527E-04  1.8151254E-04  1.7909032E-04  3.5551906E-04
   3.5248022E-04  3.5599433E-04  3.5735872E-04  3.5435209E-04  3.5342720E-04
   3.5257550E-04  3.5017775E-04  6.9199991E-04  6.6632661E-04  6.2860776E-04
   6.0432457E-04  1.4858707E-03  1.4019617E-03  1.2787523E-03  1.1829509E-03
   2.1298523E-03  1.8034506E-03  1.4937583E-03  1.2533667E-03  1.0550244E-03
   8.8086282E-04  7.2536722E-04  5.8987411E-04

   2.1006637E-03  2.1645287E-03  2.2161878E-03  2.3326296E-03  2.2451626E-03
   2.1699192E-03  2.0770140E-03  1.9841488E-03  3.7207152E-03  3.3676706E-03
   3.0329581E-03  2.7361854E-03  2.4449534E-03  2.1662817E-03  1.8686270E-03
   1.5466006E-03  1.9138756E-03  6.6408573E-04  1.1938160E-04  8.7962224E-05
   2.2730087E-04  2.3124943E-04  2.2601896E-04  2.2513667E-04  4.6152555E-04
   4.6552956E-04  4.6109664E-04  4.5212099E-04  4.3584465E-04  4.2707875E-04
   4.2373518E-04  4.2165737E-04  8.4792287E-04  8.2994479E-04  7.8754540E-04
   7.5544603E-04  1.8035256E-03  1.6674759E-03  1.5367208E-03  1.4224129E-03
   2.5320728E-03  2.1632130E-03  1.8447886E-03  1.5606633E-03  1.3025674E-03
   1.0810116E-03  8.8534964E-04  7.1885221E-04

   1.8897387E-03  2.0244929E-03  2.1289734E-03  2.2865806E-03  2.2345819E-03
   2.2002214E-03  2.1560460E-03  2.0984779E-03  4.0168348E-03  3.7280694E-03
   3.4382038E-03  3.1613584E-03  2.8666970E-03  2.5538325E-03  2.1923671E-03
   1.8065465E-03  2.2134141E-03  7.4879569E-04  1.3703626E-04  1.0579112E-04
   2.6325442E-04  2.5701735E-04  2.4940632E-04  2.4611273E-04  5.0330302E-04
   5.0803460E-04  5.0144375E-04  4.9547112E-04  4.8559002E-04  4.7769511E-04
   4.6940785E-04  4.6345039E-04  9.2206139E-04  9.0223417E-04  8.7117427E-04
   8.4150629E-04  1.9725477E-03  1.8059106E-03  1.6973777E-03  1.5856837E-03
   2.8254152E-03  2.4054095E-03  2.0331435E-03  1.7129020E-03  1.4256717E-03
   1.1750414E-03  9.5275568E-04  7.6552824E-04

   1.7344839E-03  1.8543171E-03  1.9516958E-03  2.1061129E-03  2.0754403E-03
   2.0749266E-03  2.0796536E-03  2.0637682E-03  4.0462166E-03  3.8484808E-03
   3.6105358E-03  3.3671353E-03  3.0872556E-03  2.7786256E-03  2.4085005E-03
   1.9863490E-03  2.3809543E-03  7.7184063E-04  1.3672824E-04  1.0508863E-04
   2.6511631E-04  2.6650832E-04  2.6620724E-04  2.6597580E-04  5.2921847E-04
   5.1596627E-04  5.0035998E-04  4.8714035E-04  4.7342127E-04  4.6310064E-04
   4.5455119E-04  4.5061982E-04  9.1099902E-04  9.0296206E-04  8.7016477E-04
   8.4197568E-04  2.0010457E-03  1.8521770E-03  1.7400853E-03  1.6191298E-03
   2.8370139E-03  2.3856051E-03  2.0222352E-03  1.7021206E-03  1.4152409E-03
   1.1698008E-03  9.5354381E-04  7.6950592E-04

   1.6199185E-03  1.7038279E-03  1.7767661E-03  1.9109682E-03  1.8867052E-03
   1.8972094E-03  1.9192179E-03  1.9257903E-03  3.8512286E-03  3.7556861E-03
   3.5999438E-03  3.4158910E-03  3.1719739E-03  2.8693432E-03  2.4767499E-03
   2.0336194E-03  2.4082477E-03  7.4947305E-04  1.3471664E-04  1.0644094E-04
   2.6018385E-04  2.5274383E-04  2.5129324E-04  2.4933825E-04  4.9068418E-04
   4.8073556E-04  4.7305276E-04  4.6862738E-04  4.6593993E-04  4.5762863E-04
   4.4172371E-04  4.3186944E-04  8.5287105E-04  8.3886361E-04  8.3007966E-04
   8.1470213E-04  1.9296637E-03  1.7749298E-03  1.6458933E-03  1.5244775E-03
   2.7247020E-03  2.3181462E-03  1.9481913E-03  1.6239252E-03  1.3329876E-03
   1.0967036E-03  9.0100977E-04  7.4779883E-04

   1.5358076E-03  1.5602850E-03  1.5955890E-03  1.7010159E-03  1.6798996E-03
   1.6964604E-03  1.7288660E-03  1.7489817E-03  3.5384286E-03  3.5211493E-03
   3.4616867E-03  3.3293182E-03  3.0940517E-03  2.8090565E-03  2.4398759E-03
   2.0048113E-03  2.3466318E-03  7.1689917E-04  1.2637196E-04  9.9172823E-05
   2.3976836E-04  2.3089394E-04  2.2763979E-04  2.2632335E-04  4.5700191E-04
   4.4834628E-04  4.2722802E-04  4.2071810E-04  4.2325637E-04  4.2295904E-04
   4.1918401E-04  4.1413537E-04  8.0736919E-04  7.8348833E-04  7.7286165E-04
   7.5683935E-04  1.7960009E-03  1.6634645E-03  1.5585978E-03  1.4504716E-03
   2.5699483E-03  2.1789426E-03  1.8458656E-03  1.5478713E-03  1.2747491E-03
   1.0389020E-03  8.3096791E-04  6.5719761E-04

   1.4563535E-03  1.4161298E-03  1.4154189E-03  1.4942152E-03  1.4778819E-03
   1.4974878E-03  1.5319827E-03  1.5593113E-03  3.1929039E-03  3.2263109E-03
   3.2119767E-03  3.1301954E-03  2.9483656E-03  2.6941164E-03  2.3374180E-03
   1.9120346E-03  2.1853589E-03  6.2839704E-04  1.0842548E-04  8.9062822E-05
   2.2379673E-04  2.1926712E-04  2.0803153E-04  2.0176952E-04  3.9844940E-04
   3.9409674E-04  3.9464532E-04  3.9692107E-04  3.9814075E-04  3.9322022E-04
   3.8018438E-04  3.6955290E-04  7.1503170E-04  6.9902907E-04  7.0596620E-04
   6.9944060E-04  1.6345930E-03  1.4986583E-03  1.4280513E-03  1.3402443E-03
   2.3720537E-03  2.0021412E-03  1.6853590E-03  1.4064503E-03  1.1557624E-03
   9.3992840E-04  7.5066613E-04  5.9443759E-04

   1.3706607E-03  1.2833155E-03  1.2553059E-03  1.3103242E-03  1.2933379E-03
   1.3116018E-03  1.3454170E-03  1.3743599E-03  2.8299938E-03  2.8898951E-03
   2.9145658E-03  2.8724009E-03  2.7302857E-03  2.4992235E-03  2.1523605E-03
   1.7465609E-03  1.9553218E-03  5.3827732E-04  9.3814517E-05  7.6051576E-05
   1.8932401E-04  1.8801093E-04  1.8477502E-04  1.8357745E-04  3.6638512E-04
   3.6121919E-04  3.5154089E-04  3.4438449E-04  3.3855051E-04  3.3335463E-04
   3.2745878E-04  3.2399860E-04  6.4687995E-04  6.4307707E-04  6.4003200E-04
   6.2935392E-04  1.4773342E-03  1.3553184E-03  1.2771538E-03  1.1927945E-03
   2.1245356E-03  1.8036944E-03  1.5220408E-03  1.2840616E-03  1.0704531E-03
   8.7151484E-04  6.8388530E-04  5.1810860E-04

   1.2631955E-03  1.1536013E-03  1.1089339E-03  1.1439112E-03  1.1220090E-03
   1.1369466E-03  1.1713766E-03  1.2010096E-03  2.4814249E-03  2.5494080E-03
   2.5884819E-03  2.5743074E-03  2.4757097E-03  2.2671830E-03  1.9255939E-03
   1.5478781E-03  1.6925322E-03  4.1822341E-04  8.1757978E-05  7.4126263E-05
   1.7179895E-04  1.5973939E-04  1.6065396E-04  1.6019878E-04  3.1417268E-04
   3.0485733E-04  2.9701975E-04  2.9434703E-04  2.9509779E-04  2.9758367E-04
   3.0104321E-04  3.0014929E-04  5.8053125E-04  5.6360592E-04  5.6360150E-04
   5.5364479E-04  1.2909849E-03  1.1977463E-03  1.1613879E-03  1.1003939E-03
   1.9560535E-03  1.6471187E-03  1.3724617E-03  1.1418258E-03  9.3814509E-04
   7.5749931E-04  5.9593358E-04  4.6015097E-04

   1.1520084E-03  1.0189781E-03  9.6895022E-04  9.9814672E-04  9.8591717E-04
   1.0004113E-03  1.0247544E-03  1.0481117E-03  2.1670877E-03  2.2345281E-03
   2.2826423E-03  2.2705123E-03  2.1690901E-03  1.9752933E-03  1.6665884E-03
   1.3307665E-03  1.4194316E-03  3.2172550E-04  6.5763488E-05  6.1767569E-05
   1.4645384E-04  1.4082981E-04  1.4488930E-04  1.4590714E-04  2.8458922E-04
   2.7695941E-04  2.7394562E-04  2.7194619E-04  2.6918572E-04  2.6776831E-04
   2.6733943E-04  2.6383650E-04  5.0622382E-04  4.9246126E-04  4.9664825E-04
   4.9227604E-04  1.1750208E-03  1.0961952E-03  1.0353879E-03  9.7088463E-04
   1.7346401E-03  1.4724333E-03  1.2403043E-03  1.0315317E-03  8.3830167E-04
   6.7225657E-04  5.2804220E-04  4.1111288E-04

   1.0420156E-03  9.0179691E-04  8.5123582E-04  8.7549636E-04  8.6800125E-04
   8.7795634E-04  8.8889821E-04  9.0401201E-04  1.8736779E-03  1.9350206E-03
   1.9704429E-03  1.9622475E-03  1.8825503E-03  1.7053050E-03  1.4164585E-03
   1.1130178E-03  1.1426347E-03  2.5250373E-04  5.7966747E-05  5.5213186E-05
   1.2845900E-04  1.2173341E-04  1.2479455E-04  1.2520945E-04  2.4286707E-04
   2.3591965E-04  2.3681531E-04  2.3537787E-04  2.2905153E-04  2.2741310E-04
   2.3001699E-04  2.2957921E-04  4.4764782E-04  4.3624712E-04  4.3184322E-04
   4.2501307E-04  1.0225726E-03  9.6714473E-04  9.3589455E-04  8.8668190E-04
   1.5656123E-03  1.3179358E-03  1.1106366E-03  9.2666398E-04  7.5673108E-04
   6.0256373E-04  4.6129726E-04  3.4175429E-04

   9.1704703E-04  7.9454412E-04  7.4733287E-04  7.6461700E-04  7.5312878E-04
   7.6087133E-04  7.7411189E-04  7.8909559E-04  1.6344809E-03  1.6798198E-03
   1.6953007E-03  1.6759697E-03  1.5989282E-03  1.4375632E-03  1.1826813E-03
   9.1641303E-04  8.9713681E-04  1.8860324E-04  4.7744135E-05  4.7159821E-05
   1.1508097E-04  1.1101486E-04  1.0921738E-04  1.0833509E-04  2.1816207E-04
   2.1701756E-04  2.1521127E-04  2.1166082E-04  2.0417714E-04  2.0197814E-04
   2.0415960E-04  2.0358530E-04  3.9682540E-04  3.8656683E-04  3.8272815E-04
   3.7697019E-04  9.1644819E-04  8.7517279E-04  8.3832361E-04  7.9431228E-04
   1.4220311E-03  1.1961497E-03  9.9386869E-04  8.2074170E-04  6.6548592E-04
   5.2732625E-04  4.0294023E-04  2.9906305E-04

   8.0774073E-04  6.8874384E-04  6.4463256E-04  6.5949827E-04  6.5250904E-04
   6.6000962E-04  6.6936563E-04  6.8057800E-04  1.4048067E-03  1.4363069E-03
   1.4414515E-03  1.4157129E-03  1.3399399E-03  1.1898405E-03  9.6092012E-04
   7.2988402E-04  6.7996484E-04  1.3888834E-04  4.0789553E-05  4.0656269E-05
   9.7385564E-05  9.4121897E-05  9.5168005E-05  9.5502292E-05  1.9170529E-04
   1.9097660E-04  1.8912173E-04  1.8862718E-04  1.8878447E-04  1.8712950E-04
   1.8286596E-04  1.8004123E-04  3.5824318E-04  3.5821160E-04  3.5885136E-04
   3.5527101E-04  8.5514621E-04  8.0183282E-04  7.5103901E-04  7.0365524E-04
   1.2765116E-03  1.0905385E-03  9.0627588E-04  7.4258848E-04  5.9352623E-04
   4.6436029E-04  3.5149386E-04  2.6062457E-04

   7.0411031E-04  5.9831847E-04  5.5866403E-04  5.7056051E-04  5.6382507E-04
   5.6857261E-04  5.7378452E-04  5.8041909E-04  1.1875620E-03  1.2059883E-03
   1.2083648E-03  1.1856583E-03  1.1216300E-03  9.7996613E-04  7.6498237E-04
   5.6322734E-04  5.0191337E-04  1.0807797E-04  3.1890995E-05  2.9901965E-05
   7.8129808E-05  8.0902922E-05  7.9767160E-05  8.0481637E-05  1.6423326E-04
   1.6849811E-04  1.7599096E-04  1.7323924E-04  1.5974138E-04  1.5780245E-04
   1.6611430E-04  1.6948249E-04  3.3436544E-04  3.3098998E-04  3.2805963E-04
   3.2112419E-04  7.6510129E-04  7.2138704E-04  6.9093157E-04  6.5314164E-04
   1.1686501E-03  9.8924455E-04  8.2659646E-04  6.7560835E-04  5.3470250E-04
   4.1402254E-04  3.1000757E-04  2.2742481E-04

   5.9930817E-04  5.1918259E-04  4.8743820E-04  4.9712899E-04  4.8757903E-04
   4.8946857E-04  4.9384456E-04  4.9759721E-04  1.0049191E-03  1.0083137E-03
   1.0056966E-03  9.7457843E-04  9.0259314E-04  7.7915378E-04  6.0468441E-04
   4.4137228E-04  3.7381207E-04  7.5515658E-05  3.1075913E-05  3.0961324E-05
   7.5577977E-05  7.2881594E-05  7.1953218E-05  7.1516850E-05  1.4434376E-04
   1.4504476E-04  1.4569364E-04  1.4633361E-04  1.4529310E-04  1.4704227E-04
   1.5208330E-04  1.5366435E-04  2.9764813E-04  2.8788426E-04  2.8567383E-04
   2.8251222E-04  6.9815328E-04  6.7134225E-04  6.3410186E-04  5.9642817E-04
   1.0774952E-03  9.1046258E-04  7.4121880E-04  6.0286431E-04  4.8334675E-04
   3.7352298E-04  2.7367112E-04  1.9121561E-04

   5.0896377E-04  4.4673483E-04  4.2089971E-04  4.2865207E-04  4.1791995E-04
   4.1707631E-04  4.1848491E-04  4.2007337E-04  8.4789441E-04  8.4362540E-04
   8.2516496E-04  7.8787882E-04  7.2174612E-04  6.0962961E-04  4.5449074E-04
   3.2819493E-04  2.7988947E-04  5.6060169E-05  2.5957250E-05  2.3509388E-05
   6.3367756E-05  6.8134905E-05  6.7075460E-05  6.7271110E-05  1.3490145E-04
   1.3387892E-04  1.3390639E-04  1.3417163E-04  1.3356229E-04  1.3299788E-04
   1.3192499E-04  1.3234933E-04  2.7282684E-04  2.7257280E-04  2.6049709E-04
   2.5392958E-04  6.3715159E-04  6.1673322E-04  5.7754043E-04  5.4121320E-04
   9.6594251E-04  8.1625051E-04  6.8069162E-04  5.4890214E-04  4.2687351E-04
   3.2714347E-04  2.4321793E-04  1.7753430E-04

   4.4164775E-04  3.8480997E-04  3.6165916E-04  3.6784951E-04  3.5834545E-04
   3.5707754E-04  3.5772604E-04  3.5698962E-04  7.0724712E-04  6.9156341E-04
   6.7257648E-04  6.3315977E-04  5.6723511E-04  4.6848625E-04  3.4262013E-04
   2.3911175E-04  1.9459303E-04  4.4726166E-05  2.2100354E-05  2.1616086E-05
   5.7321075E-05  5.9621059E-05  5.8407248E-05  5.8529651E-05  1.2226553E-04
   1.2414616E-04  1.1978947E-04  1.1913550E-04  1.2164558E-04  1.2275104E-04
   1.2232967E-04  1.2198925E-04  2.4353697E-04  2.4253681E-04  2.3978765E-04
   2.3651554E-04  5.7568162E-04  5.4445083E-04  5.1564584E-04  4.8831804E-04
   8.9572725E-04  7.5683050E-04  6.0834887E-04  4.8767775E-04  3.8428730E-04
   2.9419223E-04  2.1536319E-04  1.5167175E-04

   3.7512512E-04  3.3460540E-04  3.1576309E-04  3.1916279E-04  3.0613795E-04
   3.0148248E-04  2.9990540E-04  2.9750704E-04  5.8661017E-04  5.6811247E-04
   5.4397463E-04  5.0356641E-04  4.4244158E-04  3.5622384E-04  2.5127400E-04
   1.7164979E-04  1.3693543E-04  3.4603585E-05  2.2038224E-05  2.1966936E-05
   5.3998861E-05  5.3013238E-05  5.4335273E-05  5.5234763E-05  1.1212856E-04
   1.1016984E-04  1.0588989E-04  1.0539747E-04  1.0713641E-04  1.0802087E-04
   1.0811508E-04  1.0894262E-04  2.2293792E-04  2.2405940E-04  2.1998564E-04
   2.1706126E-04  5.3472299E-04  5.1337230E-04  4.9033639E-04  4.6244828E-04
   8.2111271E-04  6.7904033E-04  5.4524472E-04  4.3601572E-04  3.4432125E-04
   2.6338044E-04  1.9150649E-04  1.3292968E-04

   2.9871456E-04  2.7874357E-04  2.6818211E-04  2.7263488E-04  2.5988792E-04
   2.5445307E-04  2.5208193E-04  2.4900775E-04  4.8923766E-04  4.6693985E-04
   4.3536630E-04  3.9594123E-04  3.4470353E-04  2.7526778E-04  1.9297750E-04
   1.3003746E-04  1.0058354E-04  2.8737077E-05  1.8710283E-05  1.8010052E-05
   4.7816262E-05  4.9910006E-05  4.8721548E-05  4.8441398E-05  9.6967400E-05
   9.6140830E-05  9.6511525E-05  9.6183925E-05  9.4467759E-05  9.5222516E-05
   9.8217570E-05  9.9966652E-05  2.0149392E-04  2.0117553E-04  1.9848580E-04
   1.9659811E-04  4.9102778E-04  4.7472655E-04  4.4764206E-04  4.2023000E-04
   7.5066567E-04  6.2467740E-04  5.0617912E-04  4.0315912E-04  3.1146008E-04
   2.3388436E-04  1.6840165E-04  1.1773856E-04

   2.5318790E-04  2.3398125E-04  2.2522380E-04  2.2942270E-04  2.1943491E-04
   2.1397852E-04  2.0931936E-04  2.0471630E-04  3.9818234E-04  3.7291317E-04
   3.3883913E-04  3.0370089E-04  2.6334097E-04  2.0746593E-04  1.4277486E-04
   9.4887662E-05  7.1136114E-05  2.1542000E-05  1.7168639E-05  1.7766562E-05
   4.4418684E-05  4.3523891E-05  4.2642023E-05  4.2490119E-05  8.6103399E-05
   8.8601046E-05  9.2360373E-05  9.4029841E-05  9.3282659E-05  9.3088638E-05
   9.3027615E-05  9.3148978E-05  1.8762054E-04  1.8741135E-04  1.8640140E-04
   1.8535470E-04  4.5619236E-04  4.3565477E-04  4.1274566E-04  3.8877665E-04
   7.0091174E-04  5.8041688E-04  4.5852008E-04  3.6180325E-04  2.8163541E-04
   2.1230290E-04  1.5214991E-04  1.0454028E-04

   2.1350644E-04  1.9706810E-04  1.8904587E-04  1.9181309E-04  1.8256890E-04
   1.7730550E-04  1.7295369E-04  1.6849655E-04  3.2472739E-04  3.0274788E-04
   2.7607821E-04  2.4164924E-04  1.9877180E-04  1.5083866E-04  1.0154887E-04
   6.5977598E-05  5.3686195E-05  2.2871285E-05  1.6299400E-05  1.5404039E-05
   3.8398470E-05  3.8467966E-05  3.9229169E-05  3.9678118E-05  7.9252066E-05
   8.0977072E-05  8.3578969E-05  8.3751373E-05  8.2139755E-05  8.3189203E-05
   8.5687949E-05  8.6571337E-05  1.7122872E-04  1.7100248E-04  1.7421259E-04
   1.7494599E-04  4.2492876E-04  4.0230932E-04  3.8443611E-04  3.6096724E-04
   6.3723139E-04  5.2688562E-04  4.2558307E-04  3.3593763E-04  2.5637163E-04
   1.9049262E-04  1.3580991E-04  9.4119030E-05

   1.7569843E-04  1.6658218E-04  1.6089850E-04  1.6239729E-04  1.5220066E-04
   1.4565818E-04  1.4020102E-04  1.3536094E-04  2.6026755E-04  2.3991293E-04
   2.1367337E-04  1.8337388E-04  1.4799193E-04  1.1188720E-04  7.1613897E-05
   5.4080228E-05  3.7319951E-05  1.4052026E-05  1.4878829E-05  1.5271444E-05
   3.6913803E-05  3.5789402E-05  3.6017889E-05  3.6448484E-05  7.6149074E-05
   7.7038610E-05  7.3907089E-05  7.4247095E-05  7.7282864E-05  7.7890087E-05
   7.5826065E-05  7.5337557E-05  1.5550556E-04  1.5895425E-04  1.5761500E-04
   1.5690796E-04  3.9442957E-04  3.8293618E-04  3.6211897E-04  3.3951097E-04
   5.9806107E-04  4.8785732E-04  3.8890276E-04  3.0667352E-04  2.3609423E-04
   1.7502537E-04  1.2215796E-04  8.0937753E-05

   1.5116482E-04  1.3873308E-04  1.3296558E-04  1.3466062E-04  1.2790407E-04
   1.2334049E-04  1.1878314E-04  1.1383795E-04  2.1208898E-04  1.8916639E-04
   1.6562473E-04  1.4139785E-04  1.1525320E-04  8.6526619E-05  5.4046704E-05
   4.0844981E-05  3.0916581E-05  1.2291263E-05  1.3028437E-05  1.3468537E-05
   3.3227218E-05  3.2815093E-05  3.3752629E-05  3.4277378E-05  6.9431408E-05
   6.8981491E-05  6.6906599E-05  6.7633147E-05  7.0399459E-05  7.1329305E-05
   7.0520546E-05  7.0249858E-05  1.4188928E-04  1.4533053E-04  1.4908140E-04
   1.5007517E-04  3.6422291E-04  3.4613756E-04  3.3381471E-04  3.1405815E-04
   5.4763496E-04  4.4782873E-04  3.5823384E-04  2.7892753E-04  2.1058159E-04
   1.5431397E-04  1.0740959E-04  7.1770373E-05

   1.2315874E-04  1.1668473E-04  1.1225442E-04  1.1275046E-04  1.0509315E-04
   9.9626130E-05  9.4540810E-05  8.9806170E-05  1.6785307E-04  1.4959379E-04
   1.2871415E-04  1.0859387E-04  8.8323519E-05  6.6481116E-05  4.4401157E-05
   2.9314708E-05  2.4712233E-05  1.2144958E-05  1.1397435E-05  1.1753489E-05
   3.0755753E-05  3.1678403E-05  3.1254101E-05  3.0869232E-05  6.0705712E-05
   6.0919581E-05  6.3374981E-05  6.4996188E-05  6.5635453E-05  6.6636218E-05
   6.7480105E-05  6.7506699E-05  1.3210425E-04  1.3089761E-04  1.3372155E-04
   1.3501351E-04  3.3624060E-04  3.2684172E-04  3.1394389E-04  2.9550941E-04
   5.1726226E-04  4.1710993E-04  3.2813157E-04  2.5189354E-04  1.8668293E-04
   1.3625491E-04  9.6934564E-05  6.8437294E-05

   1.0118268E-04  9.5481824E-05  9.1922033E-05  9.2440532E-05  8.6288623E-05
   8.2095132E-05  7.8549529E-05  7.4619100E-05  1.3702095E-04  1.2055603E-04
   1.0359264E-04  8.4603380E-05  6.4502354E-05  4.7669193E-05  3.3098702E-05
   2.2340153E-05  2.0820964E-05  1.2404753E-05  1.1205137E-05  1.1358757E-05
   2.7365681E-05  2.7681996E-05  2.9439365E-05  3.0286186E-05  5.9697431E-05
   5.8452028E-05  5.6998666E-05  5.7068075E-05  5.8319216E-05  6.0045080E-05
   6.2387786E-05  6.3273445E-05  1.2363092E-04  1.2183420E-04  1.2377219E-04
   1.2508094E-04  3.1738434E-04  3.0843948E-04  2.9002372E-04  2.7105637E-04
   4.7941849E-04  3.9187560E-04  3.1006962E-04  2.3692088E-04  1.7273136E-04
   1.2337971E-04  8.5122148E-05  5.7874473E-05

   8.4984516E-05  8.0684062E-05  7.6223252E-05  7.4880561E-05  6.8006462E-05
   6.4933578E-05  6.4641325E-05  6.2219457E-05  1.1035863E-04  9.4413896E-05
   8.1651211E-05  6.6152876E-05  4.9460526E-05  3.5806363E-05  2.3057246E-05
   1.7865657E-05  1.6936212E-05  9.2107575E-06  9.4451925E-06  9.6294325E-06
   2.3982031E-05  2.4464003E-05  2.5905665E-05  2.6533053E-05  5.1524530E-05
   5.1272793E-05  5.2233314E-05  5.3990487E-05  5.7019111E-05  5.8571495E-05
   5.8450703E-05  5.8320806E-05  1.1474567E-04  1.1408260E-04  1.1774966E-04
   1.1900859E-04  2.8886989E-04  2.7743739E-04  2.7210489E-04  2.5736526E-04
   4.4634004E-04  3.5721189E-04  2.7688459E-04  2.1261239E-04  1.5940581E-04
   1.1528792E-04  7.9032739E-05  5.2089141E-05

   6.8197332E-05  6.5554967E-05  6.2125371E-05  6.0930564E-05  5.5048171E-05
   5.2041498E-05  5.0929637E-05  4.8742251E-05  8.8033099E-05  7.4982221E-05
   6.2461702E-05  5.0083872E-05  3.8065788E-05  2.7607848E-05  1.7693390E-05
   1.3817370E-05  1.4370518E-05  8.4731155E-06  8.9412142E-06  9.2451519E-06
   2.3481454E-05  2.4196863E-05  2.4107094E-05  2.3982808E-05  4.8150738E-05
   4.8598478E-05  4.9565620E-05  4.9945989E-05  4.9644237E-05  5.0960407E-05
   5.4121971E-05  5.5686400E-05  1.0820078E-04  1.0631222E-04  1.0974120E-04
   1.1124300E-04  2.7433739E-04  2.6281347E-04  2.5201583E-04  2.3654224E-04
   4.1015606E-04  3.2845634E-04  2.5774655E-04  1.9525045E-04  1.4109691E-04
   1.0032679E-04  6.9525675E-05  4.7960588E-05

   5.8256046E-05  5.3632844E-05  5.0321836E-05  4.9573831E-05  4.5531793E-05
   4.3081025E-05  4.1450672E-05  3.9110280E-05  6.8908048E-05  5.8707315E-05
   5.0709037E-05  4.0752304E-05  3.0157511E-05  2.1108412E-05  1.2898992E-05
   1.0206662E-05  1.3139107E-05  8.4546973E-06  7.8611565E-06  7.7668601E-06
   2.1688486E-05  2.3147863E-05  2.1728645E-05  2.1138221E-05  4.2652740E-05
   4.4488850E-05  4.7976326E-05  4.8291338E-05  4.5385947E-05  4.5664132E-05
   4.8580459E-05  5.0312519E-05  1.0179543E-04  1.0223904E-04  1.0252684E-04
   1.0232168E-04  2.5550989E-04  2.4769831E-04  2.3465720E-04  2.1944873E-04
   3.8416288E-04  3.0573030E-04  2.3202054E-04  1.7714276E-04  1.3373012E-04
   9.5911382E-05  6.3695181E-05  3.9609175E-05

   4.7258854E-05  4.5058703E-05  4.2306441E-05  4.0921917E-05  3.6390265E-05
   3.3705182E-05  3.2178497E-05  3.0363757E-05  5.4613552E-05  4.7703263E-05
   4.2077158E-05  3.4670975E-05  2.5770014E-05  1.8045297E-05  1.1139229E-05
   8.7210638E-06  1.1239106E-05  8.2559591E-06  7.6360448E-06  7.4150512E-06
   1.8319071E-05  1.8494571E-05  1.9801917E-05  2.0662008E-05  4.1281139E-05
   4.1283554E-05  4.2080559E-05  4.3176147E-05  4.4226370E-05  4.4629422E-05
   4.4413217E-05  4.4665645E-05  9.2159389E-05  9.4473457E-05  9.4628951E-05
   9.4883639E-05  2.4006871E-04  2.3175927E-04  2.1561851E-04  2.0090236E-04
   3.5817016E-04  2.8722655E-04  2.1596983E-04  1.6175940E-04  1.1893248E-04
   8.4580621E-05  5.7062982E-05  3.6912817E-05

   3.7879407E-05  3.6142639E-05  3.4167268E-05  3.3077889E-05  2.9508166E-05
   2.7632757E-05  2.6863845E-05  2.5649239E-05  4.6289173E-05  3.8435395E-05
   3.0996544E-05  2.5776595E-05  2.1639504E-05  1.5391108E-05  8.8557344E-06
   6.7837864E-06  8.5982656E-06  5.8928354E-06  7.0950960E-06  7.8768098E-06
   1.7936447E-05  1.6756747E-05  1.8439152E-05  1.9080751E-05  3.7127815E-05
   3.7418893E-05  4.0344014E-05  4.2095609E-05  4.2504820E-05  4.3085740E-05
   4.3375316E-05  4.3621974E-05  8.8058659E-05  8.8831541E-05  9.0041503E-05
   9.0455760E-05  2.2436172E-04  2.1522427E-04  2.0222849E-04  1.8785804E-04
   3.2774263E-04  2.6219169E-04  2.0100790E-04  1.5097461E-04  1.0942717E-04
   7.6363736E-05  5.0278319E-05  3.1778913E-05

   2.9601533E-05  2.9621657E-05  2.8284787E-05  2.7314996E-05  2.3975526E-05
   2.2127881E-05  2.1266131E-05  2.0368425E-05  3.7571146E-05  3.1795102E-05
   2.5364656E-05  1.9986956E-05  1.5546113E-05  1.2224500E-05  9.1846532E-06
   7.8695284E-06  9.1502870E-06  6.0864095E-06  6.3187636E-06  6.3715502E-06
   1.5206981E-05  1.5288333E-05  1.6829479E-05  1.7749702E-05  3.5240901E-05
   3.4809000E-05  3.5197889E-05  3.5787340E-05  3.6582242E-05  3.7842980E-05
   3.9612594E-05  4.0343228E-05  7.8763122E-05  7.8738274E-05  8.1831757E-05
   8.3243467E-05  2.0720522E-04  1.9864447E-04  1.8741774E-04  1.7399091E-04
   3.0211703E-04  2.3971683E-04  1.8198443E-04  1.3536820E-04  9.7560922E-05
   6.8231442E-05  4.5330700E-05  2.9083727E-05

   2.4738634E-05  2.3685718E-05  2.2531725E-05  2.2150132E-05  2.0094009E-05
   1.8576615E-05  1.7209843E-05  1.6136008E-05  3.0406838E-05  2.6467062E-05
   2.1447408E-05  1.7445032E-05  1.4013912E-05  1.0698614E-05  7.4957129E-06
   6.2089398E-06  7.7477853E-06  5.7733823E-06  5.6665649E-06  5.6523591E-06
   1.4374617E-05  1.5033565E-05  1.5340427E-05  1.5622894E-05  3.1975069E-05
   3.2122534E-05  3.2164688E-05  3.3715311E-05  3.6570676E-05  3.7488295E-05
   3.6390757E-05  3.6263478E-05  7.4642594E-05  7.5203454E-05  7.3895091E-05
   7.3478637E-05  1.8764292E-04  1.8384389E-04  1.7136143E-04  1.5898435E-04
   2.7664163E-04  2.1852997E-04  1.6614395E-04  1.2353949E-04  8.8489345E-05
   6.1656450E-05  4.1038387E-05  2.6597041E-05

   2.1560651E-05  1.9469442E-05  1.8305685E-05  1.8225124E-05  1.6957740E-05
   1.5970438E-05  1.5070565E-05  1.4111432E-05  2.5226986E-05  2.0706470E-05
   1.6309532E-05  1.3451548E-05  1.1243306E-05  8.6740774E-06  6.1435057E-06
   5.1952807E-06  6.6402158E-06  5.1217889E-06  5.1590869E-06  5.2320870E-06
   1.3071156E-05  1.3050694E-05  1.3631444E-05  1.4304848E-05  3.0369021E-05
   3.1174408E-05  3.0084204E-05  2.9681352E-05  3.0001420E-05  3.0911797E-05
   3.2264285E-05  3.3062955E-05  6.6791690E-05  6.7148547E-05  6.7073379E-05
   6.7310997E-05  1.7202050E-04  1.6805687E-04  1.5698932E-04  1.4563893E-04
   2.5536917E-04  2.0231487E-04  1.5120814E-04  1.1123525E-04  7.9407619E-05
   5.5022352E-05  3.6407360E-05  2.3379947E-05

   1.7422333E-05  1.5581913E-05  1.4791694E-05  1.4808843E-05  1.4055212E-05
   1.3454910E-05  1.2744997E-05  1.2180144E-05  2.0707774E-05  1.6871880E-05
   1.3925136E-05  1.1247859E-05  8.8898641E-06  7.3042870E-06  5.7767911E-06
   5.0422414E-06  6.3669850E-06  5.1717157E-06  5.2007244E-06  5.1448719E-06
   1.1884773E-05  1.1559875E-05  1.2697515E-05  1.3394028E-05  2.6758958E-05
   2.6819122E-05  2.7240185E-05  2.7781914E-05  2.8454931E-05  2.9024914E-05
   2.9460876E-05  2.9881767E-05  6.0976581E-05  6.1652361E-05  6.1505627E-05
   6.1736144E-05  1.5715235E-04  1.5190295E-04  1.4067428E-04  1.3023759E-04
   2.3018252E-04  1.8512853E-04  1.3977606E-04  1.0276450E-04  7.2351002E-05
   4.9032471E-05  3.1150536E-05  1.9222183E-05

   1.4019182E-05  1.2559409E-05  1.1846765E-05  1.1857437E-05  1.1253391E-05
   1.0802911E-05  1.0283668E-05  9.7472548E-06  1.8149793E-05  1.5598760E-05
   1.2534293E-05  9.9939234E-06  8.2285887E-06  6.4199662E-06  4.3918808E-06
   3.7013729E-06  5.5344781E-06  4.0417412E-06  4.1956255E-06  4.1252256E-06
   9.7465881E-06  1.0012454E-05  1.1978782E-05  1.3013703E-05  2.3777109E-05
   2.3181714E-05  2.5554395E-05  2.6660959E-05  2.6816422E-05  2.6855518E-05
   2.6264697E-05  2.6170132E-05  5.4212236E-05  5.5865574E-05  5.6328267E-05
   5.7035159E-05  1.4432223E-04  1.3879828E-04  1.3012628E-04  1.2122202E-04
   2.1259030E-04  1.6914253E-04  1.2839629E-04  9.4282383E-05  6.5527078E-05
   4.3907534E-05  2.7743936E-05  1.7014430E-05

   1.0981645E-05  1.0687779E-05  1.0200601E-05  1.0050971E-05  9.1159409E-06
   8.5377105E-06  8.1802718E-06  7.8296644E-06  1.4602067E-05  1.2558090E-05
   1.0064559E-05  8.1083253E-06  6.4614269E-06  4.8816837E-06  3.5347207E-06
   3.1385512E-06  4.7051985E-06  3.3798262E-06  4.1468938E-06  4.5423681E-06
   1.0192405E-05  9.4939915E-06  1.0041857E-05  1.0282851E-05  2.0877305E-05
   2.1813463E-05  2.3361932E-05  2.4151108E-05  2.4058383E-05  2.4245051E-05
   2.4349543E-05  2.4461306E-05  4.9902992E-05  5.0852956E-05  5.1512412E-05
   5.2290983E-05  1.3386333E-04  1.3037352E-04  1.1871316E-04  1.0860169E-04
   1.9038426E-04  1.5147500E-04  1.1497118E-04  8.4031628E-05  5.8008671E-05
   3.9077957E-05  2.5247224E-05  1.6319407E-05

   9.3978879E-06  8.2364568E-06  7.9322062E-06  8.2283186E-06  8.1463404E-06
   7.9288648E-06  7.0765177E-06  6.4189016E-06  1.1353150E-05  9.8612072E-06
   8.5408028E-06  6.8246377E-06  4.9099845E-06  3.9324077E-06  3.4159395E-06
   3.1132688E-06  3.8969756E-06  2.7489989E-06  3.3211004E-06  3.6935592E-06
   8.7743338E-06  8.3741452E-06  8.8538927E-06  9.1443208E-06  1.8565072E-05
   1.8693072E-05  1.8688403E-05  1.9447276E-05  2.0777536E-05  2.1506085E-05
   2.1565094E-05  2.1665439E-05  4.3991349E-05  4.5580102E-05  4.7268710E-05
   4.7978388E-05  1.1968317E-04  1.1535556E-04  1.0711030E-04  9.8366792E-05
   1.6928687E-04  1.3354853E-04  1.0220225E-04  7.5419608E-05  5.2472278E-05
   3.5222292E-05  2.2322589E-05  1.3704494E-05

   8.0060663E-06  7.1756363E-06  6.7503183E-06  6.6913067E-06  6.2902495E-06
   5.9332433E-06  5.4938164E-06  5.1762718E-06  9.7023003E-06  8.4954800E-06
   7.1218715E-06  5.8393007E-06  4.7194999E-06  3.4305176E-06  2.0899024E-06
   1.7205498E-06  3.4664340E-06  3.8115734E-06  2.9859052E-06  2.7786893E-06
   8.0771624E-06  8.8080551E-06  8.1603403E-06  7.9411620E-06  1.6777514E-05
   1.7782193E-05  1.7949806E-05  1.8614881E-05  1.9641497E-05  1.9977264E-05
   1.9575442E-05  1.9589888E-05  4.0758794E-05  4.1977175E-05  4.2119733E-05
   4.2264946E-05  1.0630390E-04  1.0180049E-04  9.3777169E-05  8.6344146E-05
   1.5169066E-04  1.1983491E-04  8.8762157E-05  6.4126471E-05  4.4427878E-05
   3.0025985E-05  1.9451263E-05  1.2323942E-05

   5.7355510E-06  5.6605049E-06  5.6267077E-06  5.7437264E-06  5.3707677E-06
   4.9868081E-06  4.4625922E-06  4.1713283E-06  7.9599513E-06  7.2318198E-06
   6.6002726E-06  5.3281469E-06  3.7670900E-06  2.9815003E-06  2.5049212E-06
   2.2394597E-06  3.1512313E-06  2.7289700E-06  2.7711983E-06  2.7881442E-06
   6.8373674E-06  6.9079492E-06  7.2892926E-06  7.6015108E-06  1.5240389E-05
   1.5431720E-05  1.6085092E-05  1.6647413E-05  1.7046677E-05  1.7177425E-05
   1.6965920E-05  1.7203334E-05  3.6850321E-05  3.8528528E-05  3.8153943E-05
   3.7993261E-05  9.4437688E-05  8.9870489E-05  8.4489868E-05  7.8286030E-05
   1.3471319E-04  1.0453576E-04  7.6563476E-05  5.5182467E-05  3.8399248E-05
   2.5729471E-05  1.6274662E-05  9.9553299E-06

   5.0751282E-06  5.0836029E-06  4.9867258E-06  4.9596179E-06  4.5184343E-06
   4.0684758E-06  3.5425523E-06  3.1892516E-06  5.7002608E-06  5.4390698E-06
   5.3654053E-06  4.5523002E-06  3.1963241E-06  2.5477214E-06  2.1267001E-06
   1.8723694E-06  2.5393922E-06  2.1775331E-06  2.2826428E-06  2.3535913E-06
   5.6757531E-06  5.6027002E-06  6.0138796E-06  6.1844466E-06  1.2032921E-05
   1.2121472E-05  1.3175085E-05  1.3950802E-05  1.4192097E-05  1.4511103E-05
   1.4843024E-05  1.5151129E-05  3.0883319E-05  3.1138832E-05  3.0955813E-05
   3.0918396E-05  7.8101526E-05  7.6305623E-05  7.2452829E-05  6.7593712E-05
   1.1535457E-04  8.8665955E-05  6.6392182E-05  4.8388047E-05  3.3508324E-05
   2.2338863E-05  1.3946002E-05  8.4491057E-06

   4.3295554E-06  4.2402471E-06  4.0416539E-06  3.8899316E-06  3.5173020E-06
   3.2141234E-06  2.8941772E-06  2.7184683E-06  5.2828318E-06  4.8673501E-06
   4.1526027E-06  3.4334498E-06  2.7522406E-06  2.3612472E-06  1.9493912E-06
   1.6769748E-06  2.0962741E-06  1.5749707E-06  1.5606709E-06  1.5977772E-06
   4.3875771E-06  4.8743791E-06  5.1804432E-06  5.4190268E-06  1.0529084E-05
   1.0258422E-05  1.0495443E-05  1.1171364E-05  1.2442743E-05  1.3080265E-05
   1.2819405E-05  1.2680471E-05  2.4948318E-05  2.5029729E-05  2.6031359E-05
   2.6458685E-05  6.5593005E-05  6.3605919E-05  6.0424340E-05  5.6230871E-05
   9.7199918E-05  7.5415679E-05  5.5156590E-05  4.0003633E-05  2.8157634E-05
   1.8689201E-05  1.1168403E-05  6.1328765E-06

   3.1001057E-06  3.2350970E-06  3.2350883E-06  3.1390582E-06  2.7667493E-06
   2.6840178E-06  2.6549844E-06  2.5497739E-06  4.2022484E-06  3.3564584E-06
   3.0433139E-06  2.4165163E-06  1.7924795E-06  1.6267547E-06  1.4091602E-06
   1.2918179E-06  1.7423018E-06  1.6070219E-06  1.6253449E-06  1.5861328E-06
   3.5473295E-06  3.5424707E-06  4.1170670E-06  4.4221197E-06  7.9624724E-06
   7.6140223E-06  8.6906148E-06  9.4492843E-06  9.5934001E-06  9.7410448E-06
   9.8502942E-06  9.9678800E-06  2.0169689E-05  2.0469621E-05  2.0978092E-05
   2.1387921E-05  5.3552594E-05  5.1501662E-05  4.9172879E-05  4.6214187E-05
   8.0673999E-05  6.2565043E-05  4.5374774E-05  3.3085700E-05  2.3750497E-05
   1.6135202E-05  1.0043413E-05  5.8179653E-06

   2.2439208E-06  2.5438180E-06  2.4889130E-06  2.3192181E-06  1.8796873E-06
   1.6510057E-06  1.5513582E-06  1.7143929E-06  3.3431554E-06  3.0253434E-06
   2.2525660E-06  1.8204335E-06  1.4442293E-06  1.1668341E-06  9.5183140E-07
   8.6495714E-07  1.2536970E-06  1.1358479E-06  1.0880334E-06  1.0758797E-06
   2.8608292E-06  3.1897407E-06  3.5427925E-06  3.6490360E-06  6.1511423E-06
   5.8450155E-06  7.1430700E-06  7.6689976E-06  7.2508747E-06  7.0892456E-06
   7.2350044E-06  7.4688005E-06  1.5623169E-05  1.6293719E-05  1.6407108E-05
   1.6439153E-05  4.1540563E-05  4.0835042E-05  3.8723250E-05  3.5829140E-05
   6.0432314E-05  4.6709771E-05  3.5002140E-05  2.5517513E-05  1.7723416E-05
   1.1603576E-05  6.8716408E-06  3.8164271E-06

   1.5519527E-06  1.8098494E-06  1.8784335E-06  1.7848668E-06  1.4837970E-06
   1.4221331E-06  1.6149511E-06  1.4570097E-06  2.3240987E-06  2.0010002E-06
   1.8394863E-06  1.5051737E-06  1.2434651E-06  9.6463361E-07  5.7246581E-07
   5.1503997E-07  1.1068449E-06  9.6161807E-07  1.0673472E-06  1.0113033E-06
   2.0809068E-06  1.7846316E-06  2.0405830E-06  2.2469496E-06  5.1302395E-06
   5.5712221E-06  5.3200638E-06  5.2810560E-06  5.3102672E-06  5.2924165E-06
   5.3858480E-06  5.5977844E-06  1.1753331E-05  1.1930826E-05  1.1699745E-05
   1.1721633E-05  3.0730302E-05  2.9687892E-05  2.6269219E-05  2.4143557E-05
   4.4141303E-05  3.5046301E-05  2.4722454E-05  1.7964023E-05  1.2973372E-05
   8.7932985E-06  5.4310863E-06  3.1328411E-06

   1.1053481E-06  9.2593064E-07  9.3059998E-07  9.3740158E-07  9.5574342E-07
   9.5506971E-07  7.9145633E-07  7.2868789E-07  1.3317479E-06  1.2384901E-06
   1.2346555E-06  1.0484482E-06  7.0126708E-07  5.9382603E-07  4.9612203E-07
   4.3464206E-07  4.7093459E-07  4.0034666E-07  5.7749872E-07  6.2064993E-07
   1.3763162E-06  1.0429231E-06  1.2600284E-06  1.4270629E-06  2.9839034E-06
   3.1280470E-06  3.2581700E-06  3.3942306E-06  3.4372651E-06  3.3863575E-06
   3.3196125E-06  3.3661997E-06  7.0331794E-06  7.0693491E-06  6.9399648E-06
   7.0237702E-06  1.8172410E-05  1.8048537E-05  1.7012771E-05  1.5636473E-05
   2.5776670E-05  1.9427302E-05  1.4531225E-05  1.0719837E-05  7.5962021E-06
   5.0642657E-06  3.2405719E-06  2.0831574E-06

   2.7690646E-07  3.2489129E-07  3.2508919E-07  3.1116730E-07  2.5726825E-07
   2.3745179E-07  2.6429100E-07  2.7372977E-07  4.1596877E-07  3.7021522E-07
   3.3698410E-07  2.4816509E-07  1.8404512E-07  1.6740415E-07  2.1134267E-07
   9.0071424E-08  1.0885751E-07  1.4026490E-07  2.1285628E-07  1.8047157E-07
   4.7029184E-07  4.5456704E-07  6.7574933E-07  6.1778155E-07  1.0886440E-06
   8.7734435E-07  9.9189049E-07  1.1747591E-06  1.1445064E-06  1.1921551E-06
   1.3218206E-06  1.3344397E-06  2.0779773E-06  1.9563190E-06  2.3812383E-06
   2.6462862E-06  6.5268650E-06  6.1037217E-06  5.7040970E-06  5.1720235E-06
   8.6466571E-06  6.6136545E-06  5.1179541E-06  3.9003157E-06  2.7418732E-06
   1.7108348E-06  1.0221252E-06  5.9771179E-07

  
 The following are the mean angles for the divisions.
  
   3.2724924E-02
   9.8174803E-02
   0.1636246    
   0.2290744    
   0.2945243    
   0.3599741    
   0.4254239    
   0.4908740    
   0.5563238    
   0.6217734    
   0.6872233    
   0.7526732    
   0.8181233    
   0.8835731    
   0.9490229    
    1.014473    
    1.079923    
    1.145372    
    1.210822    
    1.276272    
    1.341722    
    1.407172    
    1.472622    
    1.538072    
    1.603521    
    1.668971    
    1.734422    
    1.799871    
    1.865321    
    1.930771    
    1.996221    
    2.061670    
    2.127120    
    2.192570    
    2.258020    
    2.323470    
    2.388920    
    2.454370    
    2.519819    
    2.585269    
    2.650719    
    2.716169    
    2.781618    
    2.847068    
    2.912519    
    2.977968    
    3.043419    
    3.108869    
  
 The following are the radial boundaries for the divisions.
  
   2.5000000E-02
   5.0000001E-02
   7.5000003E-02
   0.1000000    
   0.1250000    
   0.1500000    
   0.1750000    
   0.2000000    
   0.2500000    
   0.3000000    
   0.3500000    
   0.4000000    
   0.4500000    
   0.5000000    
   0.5500000    
   0.6000000    
   0.7000000    
   0.8000000    
   0.9000000    
    1.000000    
    1.250000    
    1.500000    
    1.750000    
    2.000000    
    2.500000    
    3.000000    
    3.500000    
    4.000000    
    4.500000    
    5.000000    
    5.500000    
    6.000000    
    7.000000    
    8.000000    
    9.000000    
    10.00000    
    12.50000    
    15.00000    
    17.50000    
    20.00000    
    25.00000    
    30.00000    
    35.00000    
    40.00000    
    45.00000    
    50.00000    
    55.00000    
    60.00000    
