 DOSE SPREAD ARRAY FOR USE IN CONVOLUTION
  
 The following are the no. of angular   and radial divisions respectively.
	48
	24
  
 The following are the energy values for these divisions.
 The radial direction is across and the angles down.
  
0.0025452	0.0023927	0.0022156	0.0020548	0.0037007	0.0032625	0.0029101	0.0026316	0.004609	0.0039191	0.0077502	0.0057734	0.0080396	0.0051728	0.0033554	0.0020453	0.0013253	0.00041211	0.0010364	0.0010131	0.0019249	0.0016034	0.0013974	0.001188
0.001805	0.0019808	0.0020807	0.0021414	0.0043742	0.0044042	0.0043648	0.0042636	0.0081384	0.0075761	0.016505	0.013488	0.020191	0.013721	0.0091646	0.0056092	0.0035789	0.001027	0.0025032	0.0023844	0.0042424	0.0035931	0.003009	0.0025504
0.00094342	0.0010527	0.0011323	0.0011959	0.0025564	0.0027264	0.0028557	0.002963	0.0061372	0.0062692	0.015476	0.014379	0.02424		0.018162	0.012799	0.0080073	0.0048605	0.0011777	0.0028315	0.002626	0.0045438	0.0038249	0.003157	0.002568
0.00058069	0.00064652	0.00069517	0.00073589	0.0015734	0.0016905	0.0017886	0.0018762	0.0039651	0.0042119	0.011245	0.01164		0.022079	0.018421	0.013826	0.0089969	0.00531		0.0011173	0.0025021	0.0022671	0.0037856	0.0031106	0.0025878	0.0021055
0.00039059	0.00043858	0.00047056	0.00049489	0.0010491	0.0011252	0.0011845	0.0012435	0.0026579	0.0028418	0.0078034	0.0084794	0.017466	0.016064	0.012978	0.0087313	0.0050524	0.0009232	0.0020231	0.00178		0.0029199	0.0023853	0.0019529	0.001587
0.00028012	0.00031224	0.00033313	0.00035166	0.00074365	0.00079293	0.00083704	0.00087568	0.0018655	0.0019929	0.0054967	0.0060583	0.013023	0.012825	0.010916	0.0075881	0.0043058	0.00072984	0.0015524	0.001398	0.0022887	0.0018396	0.0014631	0.00118
0.00020933	0.00023288	0.00024627	0.00025796	0.00054361	0.00058005	0.00061549	0.00064284	0.0013586	0.0014564	0.0039802	0.0043885	0.0095723	0.0096914	0.0085459	0.0061136	0.003362	0.00056313	0.0012532	0.0010763	0.0018005	0.0014278	0.0011407	0.00088791
0.00016098	0.00017778	0.00018741	0.00019362	0.0004075	0.00043886	0.00046122	0.00048584	0.001033	0.0011021	0.0029783	0.0032502	0.0069696	0.0071198	0.0064329	0.004604	0.0024273	0.00044884	0.00099692	0.00088208	0.0014483	0.0011518	0.00089265	0.00067423
0.00012667	0.00013893	0.00014504	0.00015119	0.00031915	0.00033999	0.00035497	0.00037297	0.00079527	0.00084975	0.0022669	0.0024371	0.0050858	0.0051113	0.0046188	0.0032958	0.0017055	0.00036254	0.00083055	0.00075304	0.0012333	0.00096587	0.00072187	0.0005302
0.0001029	0.00011064	0.00011453	0.00011897	0.00025223	0.00026835	0.00028142	0.00029182	0.0006254	0.00066248	0.001753	0.0018388	0.0037488	0.0036434	0.0031841	0.0022436	0.001156	0.00030769	0.00069411	0.0006266	0.0010326	0.00079121	0.00058675	0.0004279
8.4192e-005	8.8698e-005	9.3039e-005	9.7342e-005	0.00020247	0.00021627	0.00022757	0.00023552	0.00049414	0.00052158	0.0013508	0.0013982	0.0027434	0.0025509	0.002179	0.0014645	0.00074381	0.00025776	0.00060736	0.00053492	0.00088979	0.00066792	0.00049293	0.0003412
7.0289e-005	7.3585e-005	7.6313e-005	7.8471e-005	0.00016627	0.00017672	0.00018359	0.00019081	0.00039607	0.00041804	0.0010595	0.0010546	0.0019983	0.0017848	0.0014669	0.0009528	0.00050185	0.0002217	0.00052445	0.00047104	0.00077562	0.00058176	0.00041414	0.00027833
5.8535e-005	6.0145e-005	6.2804e-005	6.673e-005	0.00013669	0.00014257	0.00014887	0.00015326	0.00032021	0.00032962	0.00082504	0.00079357	0.0014555	0.0012312	0.00096558	0.00059884	0.00035021	0.00019513	0.00045392	0.00040926	0.0006876	0.00050208	0.00035413	0.00023229
4.9533e-005	5.0299e-005	5.1909e-005	5.4145e-005	0.00011222	0.00011831	0.00012125	0.00012497	0.00025717	0.00026117	0.00064386	0.00060246	0.0010541	0.00085065	0.00063992	0.00038198	0.00026308	0.000176	0.00041055	0.00037419	0.00061475	0.00044192	0.00030723	0.00020015
4.2128e-005	4.1755e-005	4.324e-005	4.5469e-005	9.3451e-005	9.7872e-005	0.00010029	0.00010147	0.00020641	0.00020837	0.0005031	0.00045135	0.00075448	0.00059098	0.00043465	0.00025289	0.00020218	0.00015774	0.00037637	0.00033812	0.00054797	0.00038993	0.00026665	0.00016963
3.5439e-005	3.4879e-005	3.6149e-005	3.868e-005	7.8476e-005	8.0697e-005	8.2442e-005	8.4309e-005	0.00016663	0.00016535	0.00038818	0.00034188	0.000543	0.00041337	0.00029154	0.00017914	0.00016826	0.00014163	0.0003455	0.00030055	0.00049629	0.00035567	0.00023645	0.00014683
3.0486e-005	2.9298e-005	3.0581e-005	3.2079e-005	6.5007e-005	6.8303e-005	6.9275e-005	6.8522e-005	0.00013715	0.00013148	0.00029821	0.00025687	0.00039659	0.0002935	0.00020238	0.00013094	0.0001454	0.00012891	0.00031508	0.00028727	0.0004527	0.00031894	0.00020809	0.00012482
2.6205e-005	2.4746e-005	2.5682e-005	2.6379e-005	5.6009e-005	5.8845e-005	5.6396e-005	5.6471e-005	0.0001089	0.00010466	0.00022889	0.0001906	0.00028659	0.00020583	0.00014714	0.00010351	0.00012765	0.00011824	0.00029135	0.00026002	0.00042037	0.00028788	0.00018629	0.00010876
2.2303e-005	2.1611e-005	2.1659e-005	2.269e-005	4.5455e-005	4.698e-005	4.591e-005	4.4913e-005	8.9178e-005	7.9821e-005	0.00017894	0.00014208	0.0002136	0.00014933	0.00010832	7.9901e-005	0.00011875	0.00011096	0.00026475	0.00024016	0.00039038	0.00026453	0.00016863	9.5902e-005
1.8886e-005	1.8111e-005	1.8659e-005	1.9164e-005	3.8719e-005	3.8491e-005	3.8001e-005	3.6293e-005	7.054e-005	6.2511e-005	0.00013703	0.00010689	0.00016299	0.00011683	8.5145e-005	6.8036e-005	0.00010505	0.00010333	0.00024904	0.00022527	0.00036024	0.0002464	0.00015119	8.5141e-005
1.6055e-005	1.5713e-005	1.6159e-005	1.5858e-005	3.202e-005	3.1442e-005	2.965e-005	2.9289e-005	5.698e-005	4.8182e-005	0.00010291	8.0719e-005	0.00012572	9.4215e-005	7.2795e-005	5.8078e-005	9.4957e-005	9.684e-005	0.00023219	0.00021051	0.00033621	0.00022556	0.00014172	7.6493e-005
1.3618e-005	1.3484e-005	1.3622e-005	1.3713e-005	2.6792e-005	2.6993e-005	2.4957e-005	2.4058e-005	4.5336e-005	3.8575e-005	8.0542e-005	6.1819e-005	9.8165e-005	8.1171e-005	6.2907e-005	5.1759e-005	9.0678e-005	8.693e-005	0.00021445	0.00019918	0.00031418	0.00020742	0.00012923	6.8079e-005
1.1846e-005	1.1564e-005	1.1635e-005	1.1712e-005	2.1912e-005	2.0944e-005	1.9664e-005	1.8702e-005	3.7274e-005	3.0804e-005	6.2018e-005	5.0769e-005	8.0984e-005	6.6814e-005	5.2417e-005	4.5667e-005	8.385e-005	8.2242e-005	0.00020202	0.00018266	0.00029327	0.00019396	0.00011989	6.2223e-005
1.0327e-005	9.5132e-006	9.6083e-006	9.7577e-006	1.8506e-005	1.7538e-005	1.6773e-005	1.505e-005	2.9558e-005	2.6023e-005	4.9823e-005	4.1481e-005	6.7246e-005	5.6598e-005	4.7722e-005	4.2206e-005	7.7458e-005	7.7539e-005	0.00019047	0.00017714	0.00027496	0.0001791	0.00010725	5.7069e-005
8.8582e-006	8.3892e-006	8.1255e-006	8.1067e-006	1.5456e-005	1.4499e-005	1.3478e-005	1.2357e-005	2.2247e-005	1.9823e-005	3.921e-005	3.2668e-005	5.5394e-005	4.7592e-005	4.3214e-005	3.7571e-005	7.1341e-005	7.2225e-005	0.00018077	0.00016458	0.00026152	0.00016852	9.821e-005	5.147e-005
7.7274e-006	7.4086e-006	7.186e-006	6.7234e-006	1.3123e-005	1.1962e-005	1.1411e-005	9.677e-006	1.8041e-005	1.6305e-005	3.2389e-005	2.7194e-005	4.5528e-005	4.0841e-005	3.7752e-005	3.3781e-005	6.631e-005	6.9031e-005	0.00016869	0.00015627	0.00024126	0.00015774	9.3463e-005	4.7857e-005
6.6556e-006	6.183e-006	6.0417e-006	5.6997e-006	1.0697e-005	9.9838e-006	9.1993e-006	8.0205e-006	1.4406e-005	1.3189e-005	2.6789e-005	2.1649e-005	4.0253e-005	3.5539e-005	3.4301e-005	3.1325e-005	6.316e-005	6.3438e-005	0.00015938	0.00014355	0.00022857	0.00014852	8.72e-005	4.3067e-005
5.7663e-006	5.3347e-006	5.1687e-006	4.8035e-006	8.6107e-006	8.2553e-006	7.52e-006	6.7321e-006	1.2156e-005	1.0339e-005	2.3071e-005	1.9594e-005	3.306e-005	3.1514e-005	2.998e-005	2.8391e-005	5.9026e-005	6.1712e-005	0.00015013	0.00013736	0.00021428	0.00013712	7.9274e-005	3.8408e-005
5.0102e-006	4.7012e-006	4.2871e-006	4.3311e-006	7.4281e-006	7.0192e-006	6.0867e-006	5.6483e-006	1.0965e-005	8.7792e-006	1.9919e-005	1.7479e-005	2.9696e-005	2.929e-005	2.722e-005	2.7754e-005	5.5258e-005	5.6565e-005	0.00014088	0.00013006	0.00020256	0.00012832	7.2996e-005	3.7433e-005
4.4595e-006	3.9002e-006	3.6131e-006	3.5302e-006	6.178e-006	5.5328e-006	5.3177e-006	4.9191e-006	8.8613e-006	7.6144e-006	1.616e-005	1.4693e-005	2.728e-005	2.5967e-005	2.5258e-005	2.5038e-005	5.1697e-005	5.2888e-005	0.0001341	0.00012165	0.00019065	0.00012002	6.7795e-005	3.3781e-005
3.9715e-006	3.531e-006	3.1457e-006	2.9414e-006	5.3768e-006	4.8488e-006	4.7993e-006	4.1995e-006	7.0273e-006	6.8271e-006	1.3352e-005	1.2899e-005	2.3249e-005	2.4084e-005	2.3434e-005	2.3007e-005	4.7409e-005	4.9669e-005	0.00012343	0.00011338	0.00017555	0.00011143	6.3494e-005	3.0266e-005
3.3382e-006	3.1427e-006	2.8105e-006	2.5268e-006	4.8292e-006	3.907e-006	3.8547e-006	3.6351e-006	6.1372e-006	6.2744e-006	1.3042e-005	1.2056e-005	2.0662e-005	2.0586e-005	2.14e-005	2.0904e-005	4.5177e-005	4.4779e-005	0.0001147	0.00010588	0.00016411	0.0001041	5.6729e-005	2.8238e-005
2.7947e-006	2.5696e-006	2.3281e-006	2.1485e-006	4.122e-006	3.67e-006	3.2863e-006	3.0206e-006	5.5578e-006	5.0956e-006	1.0936e-005	9.3361e-006	1.8785e-005	1.825e-005	1.905e-005	1.9738e-005	4.1188e-005	4.3514e-005	0.00010667	9.9382e-005	0.00015392	9.6222e-005	5.3833e-005	2.6201e-005
2.5467e-006	2.2062e-006	1.9951e-006	1.878e-006	3.6707e-006	3.1224e-006	2.786e-006	2.8015e-006	4.3083e-006	4.1246e-006	9.1891e-006	8.8803e-006	1.733e-005	1.7416e-005	1.7717e-005	1.7725e-005	3.7357e-005	3.9264e-005	0.00010056	9.2019e-005	0.00014323	8.9191e-005	4.9622e-005	2.3375e-005
2.2018e-006	1.8495e-006	1.5739e-006	1.6742e-006	2.9983e-006	2.735e-006	2.3726e-006	2.206e-006	3.9918e-006	3.8697e-006	7.8385e-006	8.0447e-006	1.498e-005	1.4663e-005	1.5659e-005	1.7212e-005	3.6445e-005	3.6613e-005	9.2248e-005	8.5991e-005	0.00013184	8.1546e-005	4.5317e-005	2.1993e-005
1.9921e-006	1.6496e-006	1.51e-006	1.3254e-006	2.8264e-006	2.2017e-006	2.0523e-006	1.8911e-006	3.2945e-006	3.2e-006	7.161e-006	6.8096e-006	1.3224e-005	1.5029e-005	1.4978e-005	1.5467e-005	3.1552e-005	3.353e-005	8.3541e-005	7.7583e-005	0.00012119	7.6205e-005	4.1557e-005	1.9987e-005
1.7229e-006	1.4379e-006	1.3588e-006	1.132e-006	2.0732e-006	1.8949e-006	1.5742e-006	1.5131e-006	3.0204e-006	2.5187e-006	6.5289e-006	6.0827e-006	1.2279e-005	1.323e-005	1.3724e-005	1.3107e-005	2.8863e-005	3.1822e-005	7.7176e-005	7.0722e-005	0.00011052	6.8811e-005	3.823e-005	1.7975e-005
1.4248e-006	1.1105e-006	1.1712e-006	9.9052e-007	1.9007e-006	1.7997e-006	1.4815e-006	1.0746e-006	2.1605e-006	2.2206e-006	5.4206e-006	5.5739e-006	1.0637e-005	1.0978e-005	1.2127e-005	1.2507e-005	2.6011e-005	2.8094e-005	7.0112e-005	6.5451e-005	0.00010092	6.1713e-005	3.451e-005	1.584e-005
1.2479e-006	9.9059e-007	9.9146e-007	8.3e-007	1.4748e-006	1.2932e-006	1.256e-006	1.2446e-006	2.4024e-006	2.0426e-006	4.8278e-006	4.5756e-006	8.842e-006	1.0346e-005	1.1221e-005	1.1768e-005	2.362e-005	2.5174e-005	6.3474e-005	5.8073e-005	9.0256e-005	5.6269e-005	3.1282e-005	1.4826e-005
1.0835e-006	8.6007e-007	8.1298e-007	6.8736e-007	1.3113e-006	1.1869e-006	1.1226e-006	1.0319e-006	2.1593e-006	1.6371e-006	4.573e-006	4.398e-006	8.2392e-006	8.082e-006	8.8827e-006	9.705e-006	2.1548e-005	2.2038e-005	5.7176e-005	5.1808e-005	8.1717e-005	5.0423e-005	2.8717e-005	1.2692e-005
9.2014e-007	7.9971e-007	6.7155e-007	6.0536e-007	1.1802e-006	8.884e-007	1.132e-006	7.6736e-007	1.6726e-006	1.4856e-006	3.6895e-006	3.741e-006	7.3573e-006	7.3281e-006	8.0567e-006	8.4019e-006	1.8875e-005	1.9832e-005	4.9804e-005	4.5746e-005	7.1951e-005	4.4223e-005	2.3911e-005	1.147e-005
8.262e-007	5.7709e-007	6.1333e-007	5.9243e-007	1.0563e-006	8.8024e-007	8.9096e-007	9.0958e-007	1.3629e-006	1.3455e-006	2.8174e-006	2.728e-006	5.7832e-006	6.7963e-006	7.4837e-006	7.152e-006	1.5738e-005	1.6796e-005	4.2227e-005	4.0244e-005	6.0175e-005	3.6803e-005	2.0907e-005	1.0201e-005
6.3943e-007	5.4252e-007	3.9318e-007	4.1401e-007	8.3748e-007	7.2397e-007	6.5307e-007	6.4584e-007	1.1353e-006	9.8211e-007	2.5797e-006	2.4919e-006	5.2719e-006	5.6775e-006	5.6837e-006	6.2885e-006	1.3257e-005	1.3699e-005	3.6315e-005	3.3836e-005	5.0853e-005	3.1706e-005	1.7197e-005	8.7822e-006
5.5084e-007	5.0431e-007	2.9908e-007	3.2903e-007	7.393e-007	6.4548e-007	6.0103e-007	4.943e-007	1.0338e-006	8.7395e-007	1.9614e-006	2.0352e-006	3.8763e-006	4.4656e-006	5.1016e-006	5.2134e-006	1.0892e-005	1.2024e-005	2.8854e-005	2.7418e-005	4.1824e-005	2.5482e-005	1.3666e-005	7.5241e-006
3.7897e-007	3.1507e-007	2.6347e-007	2.28e-007	5.6265e-007	4.3587e-007	3.8023e-007	2.5726e-007	7.6079e-007	8.4899e-007	1.6126e-006	1.2781e-006	2.9805e-006	3.2255e-006	4.0332e-006	4.411e-006	8.8221e-006	9.1189e-006	2.3326e-005	2.1286e-005	3.2852e-005	1.9994e-005	1.1308e-005	5.6298e-006
2.6791e-007	2.2345e-007	2.0942e-007	2.6116e-007	4.0347e-007	2.5977e-007	2.2486e-007	2.354e-007	4.7675e-007	4.4421e-007	1.0615e-006	1.0891e-006	2.2921e-006	2.2208e-006	2.5393e-006	2.7752e-006	5.8151e-006	6.6785e-006	1.6499e-005	1.4933e-005	2.3389e-005	1.424e-005	7.8365e-006	4.0933e-006
1.5942e-007	1.9068e-007	1.2835e-007	9.4955e-008	1.7105e-007	2.127e-007	9.9823e-008	1.6352e-007	3.4093e-007	3.076e-007	6.5575e-007	7.9642e-007	1.1585e-006	1.3888e-006	1.5594e-006	1.4768e-006	3.2368e-006	3.855e-006	9.3776e-006	9.4579e-006	1.4352e-005	8.727e-006	4.9618e-006	2.4109e-006
5.1344e-008	4.0475e-008	1.135e-008	4.0797e-008	6.2497e-008	5.9905e-008	3.3559e-008	4.0411e-008	1.2266e-007	1.3597e-007	2.6158e-007	3.7e-007	4.7244e-007	4.9613e-007	5.6182e-007	4.3943e-007	1.2063e-006	1.2265e-006	3.4332e-006	2.8863e-006	4.9177e-006	2.8599e-006	1.4968e-006	6.8775e-007


 The following are the mean angles for the divisions.
  
0.06545
0.1309
0.19635
0.2618
0.32725
0.3927
0.45815
0.5236
0.58905
0.6545
0.71995
0.7854
0.85085
0.9163
0.98175
1.0472
1.1126
1.1781
1.2435
1.309
1.3744
1.4399
1.5053
1.5708
1.6362
1.7017
1.7671
1.8326
1.898
1.9635
2.0289
2.0944
2.1598
2.2253
2.2907
2.3562
2.4216
2.4871
2.5525
2.618
2.6834
2.7489
2.8143
2.8798
2.9452
3.0107
3.0761
3.1416
  
 The following are the radial boundaries for the divisions.
  
0.05
0.1
0.15
0.2
0.3
0.4
0.5
0.6
0.8
1
1.5
2
3
4
5
6
8
10
15
20
30
40
50
60


